10204202825967037
100000674438089
1128151793
100000494700084
1047699126
526451976
1628135077
1192036385
100000736511611
1670695323
1671754610
1203462622
100006519281792
705799746
1459251126
1218530083
100002152061856
1593705129
1567892324
1229543556
536274940
1147294349
1552522521649212
1318340673
100000110953557
1485043230
100002863668114
100004591650311
100003219597673
1317273598
1552322141
100005477431391
100005367603745
100003155716805
1101380540
532547866
100003169048992
1602338272
1522233336
1527035278
1609246979
100000002537918
826670550
1029858345
1285485838
1230792602
100007710072202
1173259852
1323782048
1227348259
1273004244
1685687852
1483101051
1230210726
1650740575
1542109865
1125591963
1411027204
1039994166
100000075724226
100000532916924
1624514311
100005124935720
1062681879
1468587857
1235270498
100005927404757
1154757711
1639089711
1078855362
607124824
100002246228605
100002156074751
100000252021661
1668995960
100007502043924
1148559909
1651521987
1468430616
1519711924
100002100339472
100000073808174
797339056
1482767155
687094797
122603045
1010511142
1329446062
1476405146
100004304913084
1422416811
100000223987285
1358708531
100001549007287
100000311141431
1171820718
1134107447
719677954
100000117351522
100000274853800
100001655564293
1619392841
100000174935952
1556709487
100007761816665
100000500081202
1152506349
100003025369892
100000118361665
100000529454925
100004994802306
1513745505
1492745908
1567735100
1601181963
100000660136882
1384725167
100000330953096
100003877406716
1555962253
100002596879522
100001599287920
668386513
100004193499028
100000699970041
100000325243342
1381231993
1028929872
